S	2	-1
1	0	0
C	3	2
0.33	0.33	0.33	0.01	0
0.33	0.33	0.33	0.01	0
0.33	0.33	0.33	0.01	0
0	0	0	0	0.00616306	0.382	0.102582	0.113872	0.101977	0.293406	0
0.192562	0.00622394	0.601687	0.199527	0	0	0	0	0	0	0
0.32104	0.0201592	0.0189168	0.639884	0	0	0	0	0	0	0
0	0	0	0	0	0	0	0	0	0	1
0	0	0	0	0	0	0	0	0	0	1
C	4	3
0.880244	0.00408955	0.0956666	0.01	0.01
0.290693	0.0975132	0.591793	0.01	0.01
0.966875	0	0.0131254	0.01	0.01
0.326667	0.326667	0.326667	0.01	0.01
0.163333	0.163333	0.163333	0.01	0.5
0	0	0	0	0.133013	0.33037	0.134185	0.263662	0.00409113	0.134679	0
0.0500915	0.849327	0.0501457	0.0504357	0	0	0	0	0	0	0
0.00865269	0.146512	0.700717	0.144118	0	0	0	0	0	0	0
0	0	0	0	0	0	0	0	0	0	1
0	0	0	0	0	0	0	0	0	0	1
C	5	4
0.974576	0.00271209	0.00271228	0.01	0.01
0.907271	0.0363638	0.0363651	0.01	0.01
0.974213	0	0.00578663	0.01	0.01
0.326667	0.326667	0.326667	0.01	0.01
0.163333	0.163333	0.163333	0.01	0.5
0	0	0	0	0.131092	0.518046	0.0454908	0.00268179	0.00268419	0.300005	0
0.24934	0.249516	0.249409	0.251734	0	0	0	0	0	0	0
0.249908	0.249962	0.249982	0.250148	0	0	0	0	0	0	0
0	0	0	0	0	0	0	0	0	0	1
0	0	0	0	0	0	0	0	0	0	1
C	6	5
0.976458	0.00177151	0.00177065	0.01	0.01
0.330141	0.324945	0.324914	0.01	0.01
0.490247	0	0.489753	0.01	0.01
0.326667	0.326667	0.326667	0.01	0.01
0.163333	0.163333	0.163333	0.01	0.5
0	0	0	0	0.431215	0.388591	0.0866348	0.0881699	0.00268129	0.00270787	0
0.250011	0.250002	0.249958	0.250029	0	0	0	0	0	0	0
0.249953	0.250016	0.24999	0.25004	0	0	0	0	0	0	0
0	0	0	0	0	0	0	0	0	0	1
0	0	0	0	0	0	0	0	0	0	1
C	7	6
0.976451	0.0017754	0.0017738	0.01	0.01
0.326819	0.326665	0.326516	0.01	0.01
0.490127	0	0.489873	0.01	0.01
0.326667	0.326667	0.326667	0.01	0.01
0.163333	0.163333	0.163333	0.01	0.5
0	0	0	0	0.345088	0.25972	0.00268295	0.00267956	0.045418	0.344411	0
0.250038	0.249991	0.249811	0.25016	0	0	0	0	0	0	0
0.249996	0.249999	0.250005	0.249999	0	0	0	0	0	0	0
0	0	0	0	0	0	0	0	0	0	1
0	0	0	0	0	0	0	0	0	0	1
C	8	7
0.00178372	0.976438	0.00177807	0.01	0.01
0.326341	0.327338	0.326321	0.01	0.01
0.490027	0	0.489973	0.01	0.01
0.326667	0.326667	0.326667	0.01	0.01
0.163333	0.163333	0.163333	0.01	0.5
0	0	0	0	0.15303	0.153484	0.152999	0.152982	0.153091	0.234415	0
0.0851445	0.0892217	0.00270448	0.822929	0	0	0	0	0	0	0
0.249999	0.249999	0.250002	0.249999	0	0	0	0	0	0	0
0	0	0	0	0	0	0	0	0	0	1
0	0	0	0	0	0	0	0	0	0	1
C	9	8
0.257671	0.464755	0.257574	0.01	0.01
0.00178771	0.976425	0.00178771	0.01	0.01
0.490005	0	0.489995	0.01	0.01
0.326667	0.326667	0.326667	0.01	0.01
0.163333	0.163333	0.163333	0.01	0.5
0	0	0	0	0.166662	0.166668	0.166659	0.166657	0.166671	0.166683	0
0.13252	0.00271147	0.25828	0.606489	0	0	0	0	0	0	0
0.25	0.25	0.25	0.25	0	0	0	0	0	0	0
0	0	0	0	0	0	0	0	0	0	1
0	0	0	0	0	0	0	0	0	0	1
C	10	9
0.326639	0.326744	0.326617	0.01	0.01
0.00178369	0.976433	0.00178369	0.01	0.01
0.490001	0	0.489999	0.01	0.01
0.326667	0.326667	0.326667	0.01	0.01
0.163333	0.163333	0.163333	0.01	0.5
0	0	0	0	0.166666	0.166666	0.166666	0.166666	0.16667	0.166666	0
0.00270505	0.00269892	0.0026985	0.991898	0	0	0	0	0	0	0
0.25	0.25	0.25	0.25	0	0	0	0	0	0	0
0	0	0	0	0	0	0	0	0	0	1
0	0	0	0	0	0	0	0	0	0	1
C	11	10
0.326663	0.326676	0.326661	0.01	0.01
0.0017851	0.97643	0.0017851	0.01	0.01
0.49	0	0.49	0.01	0.01
0.326667	0.326667	0.326667	0.01	0.01
0.163333	0.163333	0.163333	0.01	0.5
0	0	0	0	0.166667	0.166667	0.166667	0.166667	0.166667	0.166667	0
0.282949	0.175927	0.00270715	0.538417	0	0	0	0	0	0	0
0.25	0.25	0.25	0.25	0	0	0	0	0	0	0
0	0	0	0	0	0	0	0	0	0	1
0	0	0	0	0	0	0	0	0	0	1
C	12	11
0.326666	0.326668	0.326666	0.01	0.01
0.00181559	0.976369	0.00181559	0.01	0.01
0.49	0	0.49	0.01	0.01
0.326667	0.326667	0.326667	0.01	0.01
0.163333	0.163333	0.163333	0.01	0.5
0	0	0	0	0.166667	0.166667	0.166667	0.166667	0.166667	0.166667	0
0.289378	0.00274402	0.0466255	0.661253	0	0	0	0	0	0	0
0.25	0.25	0.25	0.25	0	0	0	0	0	0	0
0	0	0	0	0	0	0	0	0	0	1
0	0	0	0	0	0	0	0	0	0	1
E	13	12
0.99	0	0.01
0.99	0	0.01
0.99	0	0.01
0.99	0	0.01
0.5	0	0.5
