S	2	-1
1	0	0
C	3	2
0.33	0.33	0.33	0.01	0
0.33	0.33	0.33	0.01	0
0.33	0.33	0.33	0.01	0
0	0	0	0	0.21958	0.290063	0.0761199	0.143181	0.0774813	0.193575	0
0.232903	0.0140301	0.234296	0.518771	0	0	0	0	0	0	0
0.0120698	0.77688	0.19916	0.01189	0	0	0	0	0	0	0
0	0	0	0	0	0	0	0	0	0	1
0	0	0	0	0	0	0	0	0	0	1
C	4	3
0.974028	0.00298666	0.0029858	0.01	0.01
0.961185	0.00940005	0.00941515	0.01	0.01
0.972005	0	0.00799481	0.01	0.01
0.326667	0.326667	0.326667	0.01	0.01
0.163333	0.163333	0.163333	0.01	0.5
0	0	0	0	0.259579	0.328672	0.0454278	0.00270617	0.0463211	0.317294	0
0.249924	0.250291	0.249838	0.249947	0	0	0	0	0	0	0
0.249892	0.250124	0.250066	0.249918	0	0	0	0	0	0	0
0	0	0	0	0	0	0	0	0	0	1
0	0	0	0	0	0	0	0	0	0	1
C	5	4
0.976434	0.00178281	0.00178271	0.01	0.01
0.326527	0.326338	0.327135	0.01	0.01
0.491424	0	0.488576	0.01	0.01
0.326667	0.326667	0.326667	0.01	0.01
0.163333	0.163333	0.163333	0.01	0.5
0	0	0	0	0.216344	0.214544	0.0455042	0.0884794	0.0881018	0.347027	0
0.249982	0.249992	0.250008	0.250018	0	0	0	0	0	0	0
0.250254	0.249948	0.249856	0.249942	0	0	0	0	0	0	0
0	0	0	0	0	0	0	0	0	0	1
0	0	0	0	0	0	0	0	0	0	1
C	6	5
0.976447	0.00177645	0.00177625	0.01	0.01
0.326687	0.326658	0.326655	0.01	0.01
0.490604	0	0.489396	0.01	0.01
0.326667	0.326667	0.326667	0.01	0.01
0.163333	0.163333	0.163333	0.01	0.5
0	0	0	0	0.0882684	0.686555	0.00267537	0.130914	0.0451684	0.0464192	0
0.249913	0.249882	0.24986	0.250345	0	0	0	0	0	0	0
0.250002	0.250019	0.249979	0.25	0	0	0	0	0	0	0
0	0	0	0	0	0	0	0	0	0	1
0	0	0	0	0	0	0	0	0	0	1
C	7	6
0.976439	0.0017829	0.00177779	0.01	0.01
0.326416	0.327127	0.326457	0.01	0.01
0.490049	0	0.489951	0.01	0.01
0.326667	0.326667	0.326667	0.01	0.01
0.163333	0.163333	0.163333	0.01	0.5
0	0	0	0	0.171661	0.38181	0.00268282	0.00268282	0.0455499	0.395614	0
0.2001	0.201579	0.200098	0.398222	0	0	0	0	0	0	0
0.24999	0.249994	0.249989	0.250026	0	0	0	0	0	0	0
0	0	0	0	0	0	0	0	0	0	1
0	0	0	0	0	0	0	0	0	0	1
C	8	7
0.00178942	0.976424	0.00178708	0.01	0.01
0.218938	0.542932	0.21813	0.01	0.01
0.490051	0	0.489949	0.01	0.01
0.326667	0.326667	0.326667	0.01	0.01
0.163333	0.163333	0.163333	0.01	0.5
0	0	0	0	0.167093	0.167375	0.166345	0.166351	0.166409	0.166428	0
0.00268845	0.13498	0.00268844	0.859643	0	0	0	0	0	0	0
0.249999	0.249999	0.249999	0.250002	0	0	0	0	0	0	0
0	0	0	0	0	0	0	0	0	0	1
0	0	0	0	0	0	0	0	0	0	1
C	9	8
0.326391	0.328579	0.32503	0.01	0.01
0.00178429	0.976431	0.00178428	0.01	0.01
0.490002	0	0.489998	0.01	0.01
0.326667	0.326667	0.326667	0.01	0.01
0.163333	0.163333	0.163333	0.01	0.5
0	0	0	0	0.166584	0.166655	0.16701	0.166586	0.166583	0.166583	0
0.0456791	0.204277	0.00268845	0.747355	0	0	0	0	0	0	0
0.25	0.25	0.25	0.25	0	0	0	0	0	0	0
0	0	0	0	0	0	0	0	0	0	1
0	0	0	0	0	0	0	0	0	0	1
C	10	9
0.326214	0.327597	0.326189	0.01	0.01
0.00177363	0.976453	0.00177363	0.01	0.01
0.490001	0	0.489999	0.01	0.01
0.326667	0.326667	0.326667	0.01	0.01
0.163333	0.163333	0.163333	0.01	0.5
0	0	0	0	0.166665	0.166673	0.166666	0.166666	0.166665	0.166665	0
0.045683	0.131736	0.00268838	0.819893	0	0	0	0	0	0	0
0.25	0.25	0.25	0.25	0	0	0	0	0	0	0
0	0	0	0	0	0	0	0	0	0	1
0	0	0	0	0	0	0	0	0	0	1
C	11	10
0.326661	0.32668	0.326659	0.01	0.01
0.00177353	0.976453	0.00177353	0.01	0.01
0.49	0	0.49	0.01	0.01
0.326667	0.326667	0.326667	0.01	0.01
0.163333	0.163333	0.163333	0.01	0.5
0	0	0	0	0.166667	0.166667	0.166667	0.166667	0.166667	0.166667	0
0.00268845	0.0887005	0.00268847	0.905923	0	0	0	0	0	0	0
0.25	0.25	0.25	0.25	0	0	0	0	0	0	0
0	0	0	0	0	0	0	0	0	0	1
0	0	0	0	0	0	0	0	0	0	1
C	12	11
0.326667	0.326667	0.326666	0.01	0.01
0.00177352	0.976453	0.00177352	0.01	0.01
0.49	0	0.49	0.01	0.01
0.326667	0.326667	0.326667	0.01	0.01
0.163333	0.163333	0.163333	0.01	0.5
0	0	0	0	0.166667	0.166667	0.166667	0.166667	0.166667	0.166667	0
0.0456758	0.00268843	0.0456939	0.905942	0	0	0	0	0	0	0
0.25	0.25	0.25	0.25	0	0	0	0	0	0	0
0	0	0	0	0	0	0	0	0	0	1
0	0	0	0	0	0	0	0	0	0	1
C	13	12
0.326667	0.326667	0.326667	0.01	0.01
0.00177365	0.976453	0.00177365	0.01	0.01
0.49	0	0.49	0.01	0.01
0.326667	0.326667	0.326667	0.01	0.01
0.163333	0.163333	0.163333	0.01	0.5
0	0	0	0	0.166667	0.166667	0.166667	0.166667	0.166667	0.166667	0
0.00268923	0.00268854	0.00268857	0.991934	0	0	0	0	0	0	0
0.25	0.25	0.25	0.25	0	0	0	0	0	0	0
0	0	0	0	0	0	0	0	0	0	1
0	0	0	0	0	0	0	0	0	0	1
E	14	13
0.99	0	0.01
0.99	0	0.01
0.99	0	0.01
0.99	0	0.01
0.5	0	0.5
