S	2	-1
1	0	0
C	3	2
0.33	0.33	0.33	0.01	0
0.33	0.33	0.33	0.01	0
0.33	0.33	0.33	0.01	0
0	0	0	0	0.441015	0.0802546	0.388095	0.0810678	0.0047771	0.00479068	0
0.0201397	0.0190232	0.320743	0.640094	0	0	0	0	0	0	0
0.0088703	0.0121146	0.409133	0.569882	0	0	0	0	0	0	0
0	0	0	0	0	0	0	0	0	0	1
0	0	0	0	0	0	0	0	0	0	1
C	4	3
0.973601	0.00319031	0.00320886	0.01	0.01
0.953491	0.0130891	0.0134195	0.01	0.01
0.841616	0	0.138384	0.01	0.01
0.326667	0.326667	0.326667	0.01	0.01
0.163333	0.163333	0.163333	0.01	0.5
0	0	0	0	0.28386	0.315604	0.303225	0.00281329	0.00279677	0.0917012	0
0.249657	0.249492	0.250264	0.250587	0	0	0	0	0	0	0
0.049907	0.0508426	0.0501361	0.849114	0	0	0	0	0	0	0
0	0	0	0	0	0	0	0	0	0	1
0	0	0	0	0	0	0	0	0	0	1
C	5	4
0.976289	0.0018534	0.00185733	0.01	0.01
0.326892	0.325598	0.32751	0.01	0.01
0.942294	0	0.037706	0.01	0.01
0.326667	0.326667	0.326667	0.01	0.01
0.163333	0.163333	0.163333	0.01	0.5
0	0	0	0	0.334604	0.130462	0.27025	0.0883042	0.0026772	0.173702	0
0.249649	0.249647	0.250129	0.250574	0	0	0	0	0	0	0
0.249853	0.249948	0.250888	0.249311	0	0	0	0	0	0	0
0	0	0	0	0	0	0	0	0	0	1
0	0	0	0	0	0	0	0	0	0	1
C	6	5
0.943622	0.0345878	0.00179042	0.01	0.01
0.326012	0.327135	0.326853	0.01	0.01
0.494125	0	0.485875	0.01	0.01
0.326667	0.326667	0.326667	0.01	0.01
0.163333	0.163333	0.163333	0.01	0.5
0	0	0	0	0.456102	0.181725	0.00282693	0.0402466	0.047355	0.271744	0
0.0584595	0.0584593	0.0584662	0.824615	0	0	0	0	0	0	0
0.249947	0.249765	0.250527	0.249761	0	0	0	0	0	0	0
0	0	0	0	0	0	0	0	0	0	1
0	0	0	0	0	0	0	0	0	0	1
C	7	6
0.227214	0.750914	0.00187195	0.01	0.01
0.0432749	0.893446	0.0432788	0.01	0.01
0.490277	0	0.489723	0.01	0.01
0.326667	0.326667	0.326667	0.01	0.01
0.163333	0.163333	0.163333	0.01	0.5
0	0	0	0	0.583404	0.0112428	0.0112408	0.0121029	0.0113646	0.370645	0
0.00348556	0.00348701	0.00348556	0.989542	0	0	0	0	0	0	0
0.250005	0.249985	0.250006	0.250003	0	0	0	0	0	0	0
0	0	0	0	0	0	0	0	0	0	1
0	0	0	0	0	0	0	0	0	0	1
C	8	7
0.00769146	0.964617	0.00769109	0.01	0.01
0.00231038	0.975379	0.00231039	0.01	0.01
0.490043	0	0.489957	0.01	0.01
0.326667	0.326667	0.326667	0.01	0.01
0.163333	0.163333	0.163333	0.01	0.5
0	0	0	0	0.166712	0.166633	0.166624	0.166735	0.166638	0.166658	0
0.00270127	0.0890221	0.00270133	0.905575	0	0	0	0	0	0	0
0.249999	0.25	0.25	0.250001	0	0	0	0	0	0	0
0	0	0	0	0	0	0	0	0	0	1
0	0	0	0	0	0	0	0	0	0	1
C	9	8
0.326462	0.327112	0.326427	0.01	0.01
0.00178482	0.97643	0.00178482	0.01	0.01
0.490002	0	0.489998	0.01	0.01
0.326667	0.326667	0.326667	0.01	0.01
0.163333	0.163333	0.163333	0.01	0.5
0	0	0	0	0.166667	0.166665	0.166667	0.166671	0.166665	0.166665	0
0.0457537	0.00280221	0.00270122	0.948743	0	0	0	0	0	0	0
0.25	0.25	0.25	0.25	0	0	0	0	0	0	0
0	0	0	0	0	0	0	0	0	0	1
0	0	0	0	0	0	0	0	0	0	1
C	10	9
0.326664	0.326683	0.326654	0.01	0.01
0.00178761	0.976425	0.00178759	0.01	0.01
0.49	0	0.49	0.01	0.01
0.326667	0.326667	0.326667	0.01	0.01
0.163333	0.163333	0.163333	0.01	0.5
0	0	0	0	0.166666	0.166668	0.166667	0.166666	0.166668	0.166666	0
0.218378	0.0612027	0.0458909	0.674529	0	0	0	0	0	0	0
0.25	0.25	0.25	0.25	0	0	0	0	0	0	0
0	0	0	0	0	0	0	0	0	0	1
0	0	0	0	0	0	0	0	0	0	1
C	11	10
0.326671	0.326668	0.326661	0.01	0.01
0.00180242	0.976395	0.0018024	0.01	0.01
0.49	0	0.49	0.01	0.01
0.326667	0.326667	0.326667	0.01	0.01
0.163333	0.163333	0.163333	0.01	0.5
0	0	0	0	0.166666	0.166669	0.166668	0.166665	0.166667	0.166666	0
0.00323053	0.118043	0.00272469	0.876002	0	0	0	0	0	0	0
0.25	0.25	0.25	0.25	0	0	0	0	0	0	0
0	0	0	0	0	0	0	0	0	0	1
0	0	0	0	0	0	0	0	0	0	1
C	12	11
0.326677	0.326662	0.326661	0.01	0.01
0.00181084	0.976378	0.00181084	0.01	0.01
0.49	0	0.49	0.01	0.01
0.326667	0.326667	0.326667	0.01	0.01
0.163333	0.163333	0.163333	0.01	0.5
0	0	0	0	0.166665	0.166667	0.166668	0.166665	0.166667	0.166666	0
0.0461821	0.00272373	0.00271931	0.948375	0	0	0	0	0	0	0
0.25	0.25	0.25	0.25	0	0	0	0	0	0	0
0	0	0	0	0	0	0	0	0	0	1
0	0	0	0	0	0	0	0	0	0	1
C	13	12
0.326671	0.326665	0.326665	0.01	0.01
0.00185253	0.976295	0.00185253	0.01	0.01
0.49	0	0.49	0.01	0.01
0.326667	0.326667	0.326667	0.01	0.01
0.163333	0.163333	0.163333	0.01	0.5
0	0	0	0	0.166666	0.166666	0.166667	0.166666	0.166667	0.166667	0
0.00278359	0.0472933	0.00278343	0.94714	0	0	0	0	0	0	0
0.25	0.25	0.25	0.25	0	0	0	0	0	0	0
0	0	0	0	0	0	0	0	0	0	1
0	0	0	0	0	0	0	0	0	0	1
E	14	13
0.99	0	0.01
0.99	0	0.01
0.99	0	0.01
0.99	0	0.01
0.5	0	0.5
