Gene:  Vts1-primary  Motif:  A.TGCACCC  Enrichment Score:  0.482942724828625
A:	1.130	1.352	0.785	1.415	1.586	-0.037	-0.163
C:	1.602	-1.923	1.379	1.800	1.741	-0.517	-0.623
G:	-0.477	3.068	0.808	-1.400	-1.318	0.294	0.204
T:	1.319	1.071	0.584	1.760	1.564	-0.354	-0.287

A:-0.95436692           -1 -0.010491826           -1           -1  -0.30396344  -0.25920539
C: -0.93635901    1.3219281  -0.63278999           -1           -1   0.54786634   0.31377291
G:   1.2894733           -1   0.29235536    1.3219281    1.3219281  -0.32931192  0.062550035
T: -0.95178056           -1   0.18609736           -1           -1  -0.10138454  -0.18904531
