Gene:	HNRPK-primary	Motif:	TTCGGAAA	EnrichmentScore:	0.4857367475292
A:-2.9737315	1.8552361	-2.9737315	-2.3106511	-1.0038719	1.0415126
C:-1.8580857	-2.9737315	-2.9737315	-2.9737315	-2.3106511	-2.9737315
G:-2.9737315	-2.9737315	1.8552361	1.8253122	1.5237543	-2.9737315
T:	1.7947545	-2.9737315	-2.9737315	-2.9737315	-1.2365467	0.75447848
