Gene:	ELAVL1-primary	Motif:	TTCGGAAA	EnrichmentScore:	0.4857367475292
A:0.24311354	-0.99999991	-0.99999991	-0.10410784
C:0.86083953	-0.99999991	-0.99999991	-0.99999991
G:0.82034014	 -0.99999991	-0.99999991	-0.61728171
T:-0.99999991	1.3219283	1.3219283	0.93939382
