Gene:	SNRPA1-primary	Motif:	TTCGGAAA	EnrichmentScore:	0.4857367475292
A:1.4574481	-0.96844123	-0.96844123	-2.1099037	-2.1099037	1.7246558	-2.1099037
C:-0.96844123	-2.1099037	-2.1099037	-2.1099037	1.7246558	-2.1099037	1.7246558
G:-2.1099037	-2.1099037	-2.1099037	1.5972294	-2.1099037	-2.1099037	-2.1099037
T:-0.96844123	1.5972294	1.5972294	-0.96844123	-2.1099037	-2.1099037	-2.1099037
