Gene:	ZFP36-primary	Motif:	TTCGGAAA	EnrichmentScore:	0.4857367475292
A:	1.6196238	1.6196238	0.50038377	1.6196238	1.6196238	0.97627286	-1.6942419	1.6196238	1.6196238	1.6196238	-1.6942419
C:	-1.6942419	-1.6942419	-0.21456931	-1.6942419	-1.6942419	-1.6942419	-0.21456931	-1.6942419	-1.6942419	-1.6942419	-1.6942419
G:	-1.6942419	-1.6942419	-1.6942419	-1.6942419	-1.6942419	0.50038377	0.50038377	-1.6942419	-1.6942419	-1.6942419	1.6196238
T:	-1.6942419	-1.6942419	0.50038377	-1.6942419	-1.6942419	-1.6942419	0.50038377	-1.6942419	-1.6942419	-1.6942419	-1.6942419
