S	2	-1
1	0	0
C	3	2
0.33	0.33	0.33	0.01	0
0.33	0.33	0.33	0.01	0
0.33	0.33	0.33	0.01	0
0	0	0	0	0.0040383	0.269328	0.00402435	0.197073	0.26006	0.265476	0
0.0156822	0.0156709	0.421068	0.547579	0	0	0	0	0	0	0
0.0146142	0.0154622	0.0197833	0.95014	0	0	0	0	0	0	0
0	0	0	0	0	0	0	0	0	0	1
0	0	0	0	0	0	0	0	0	0	1
C	4	3
0.974629	0.00269246	0.00267833	0.01	0.01
0.261115	0.0106328	0.708252	0.01	0.01
0.733071	0	0.246929	0.01	0.01
0.326667	0.326667	0.326667	0.01	0.01
0.163333	0.163333	0.163333	0.01	0.5
0	0	0	0	0.22536	0.659671	0.0537761	0.00319165	0.0547751	0.00322632	0
0.249133	0.249159	0.250292	0.251417	0	0	0	0	0	0	0
0.0156887	0.547711	0.420925	0.015675	0	0	0	0	0	0	0
0	0	0	0	0	0	0	0	0	0	1
0	0	0	0	0	0	0	0	0	0	1
C	5	4
0.919039	0.0588375	0.00212346	0.01	0.01
0.325869	0.327582	0.326549	0.01	0.01
0.968195	0	0.0118051	0.01	0.01
0.326667	0.326667	0.326667	0.01	0.01
0.163333	0.163333	0.163333	0.01	0.5
0	0	0	0	0.0944124	0.296456	0.370742	0.0947454	0.0488277	0.0948157	0
0.0337482	0.0337484	0.0337497	0.898754	0	0	0	0	0	0	0
0.249744	0.249837	0.250393	0.250026	0	0	0	0	0	0	0
0	0	0	0	0	0	0	0	0	0	1
0	0	0	0	0	0	0	0	0	0	1
C	6	5
0.976139	0.00194016	0.00192125	0.01	0.01
0.0236497	0.537457	0.418893	0.01	0.01
0.490019	0	0.489981	0.01	0.01
0.326667	0.326667	0.326667	0.01	0.01
0.163333	0.163333	0.163333	0.01	0.5
0	0	0	0	0.611654	0.00297741	0.0493435	0.00290334	0.049372	0.28375	0
0.0520297	0.0520296	0.05203	0.843911	0	0	0	0	0	0	0
0.0546214	0.0550749	0.0546215	0.835682	0	0	0	0	0	0	0
0	0	0	0	0	0	0	0	0	0	1
0	0	0	0	0	0	0	0	0	0	1
C	7	6
0.0482216	0.929849	0.00192913	0.01	0.01
0.0379867	0.904009	0.0380048	0.01	0.01
0.938226	0	0.041774	0.01	0.01
0.326667	0.326667	0.326667	0.01	0.01
0.163333	0.163333	0.163333	0.01	0.5
0	0	0	0	0.0271614	0.462207	0.429124	0.0271605	0.0271604	0.0271868	0
0.00293487	0.00293478	0.00293491	0.991195	0	0	0	0	0	0	0
0.249884	0.249899	0.249885	0.250332	0	0	0	0	0	0	0
0	0	0	0	0	0	0	0	0	0	1
0	0	0	0	0	0	0	0	0	0	1
C	8	7
0.940102	0.0199753	0.0199229	0.01	0.01
0.00193863	0.976111	0.00195063	0.01	0.01
0.490009	0	0.489991	0.01	0.01
0.326667	0.326667	0.326667	0.01	0.01
0.163333	0.163333	0.163333	0.01	0.5
0	0	0	0	0.0263265	0.026377	0.0263248	0.0263252	0.026321	0.868325	0
0.14431	0.0500677	0.00294576	0.802676	0	0	0	0	0	0	0
0.249741	0.249742	0.249741	0.250775	0	0	0	0	0	0	0
0	0	0	0	0	0	0	0	0	0	1
0	0	0	0	0	0	0	0	0	0	1
C	9	8
0.0192262	0.94155	0.0192237	0.01	0.01
0.00193994	0.97612	0.00193995	0.01	0.01
0.491177	0	0.488823	0.01	0.01
0.326667	0.326667	0.326667	0.01	0.01
0.163333	0.163333	0.163333	0.01	0.5
0	0	0	0	0.166571	0.166588	0.167108	0.166571	0.166571	0.166591	0
0.04575	0.30431	0.0457641	0.604175	0	0	0	0	0	0	0
0.249834	0.249834	0.249834	0.250497	0	0	0	0	0	0	0
0	0	0	0	0	0	0	0	0	0	1
0	0	0	0	0	0	0	0	0	0	1
C	10	9
0.327418	0.326327	0.326254	0.01	0.01
0.00177203	0.976456	0.00177203	0.01	0.01
0.490796	0	0.489204	0.01	0.01
0.326667	0.326667	0.326667	0.01	0.01
0.163333	0.163333	0.163333	0.01	0.5
0	0	0	0	0.16654	0.166541	0.166903	0.16654	0.16654	0.166937	0
0.212318	0.0457609	0.0457514	0.69617	0	0	0	0	0	0	0
0.249999	0.249999	0.249999	0.250002	0	0	0	0	0	0	0
0	0	0	0	0	0	0	0	0	0	1
0	0	0	0	0	0	0	0	0	0	1
C	11	10
0.326838	0.326594	0.326567	0.01	0.01
0.00178008	0.97644	0.00178008	0.01	0.01
0.490001	0	0.489999	0.01	0.01
0.326667	0.326667	0.326667	0.01	0.01
0.163333	0.163333	0.163333	0.01	0.5
0	0	0	0	0.166651	0.166651	0.166652	0.166651	0.166651	0.166744	0
0.0517313	0.00270529	0.00270554	0.942858	0	0	0	0	0	0	0
0.25	0.25	0.25	0.25	0	0	0	0	0	0	0
0	0	0	0	0	0	0	0	0	0	1
0	0	0	0	0	0	0	0	0	0	1
C	12	11
0.326647	0.326707	0.326646	0.01	0.01
0.0017904	0.976419	0.0017904	0.01	0.01
0.49	0	0.49	0.01	0.01
0.326667	0.326667	0.326667	0.01	0.01
0.163333	0.163333	0.163333	0.01	0.5
0	0	0	0	0.166667	0.166667	0.166667	0.166667	0.166667	0.166667	0
0.0893333	0.00270787	0.0893551	0.818604	0	0	0	0	0	0	0
0.25	0.25	0.25	0.25	0	0	0	0	0	0	0
0	0	0	0	0	0	0	0	0	0	1
0	0	0	0	0	0	0	0	0	0	1
C	13	12
0.326667	0.326667	0.326666	0.01	0.01
0.00178978	0.97642	0.00178978	0.01	0.01
0.49	0	0.49	0.01	0.01
0.326667	0.326667	0.326667	0.01	0.01
0.163333	0.163333	0.163333	0.01	0.5
0	0	0	0	0.166667	0.166667	0.166667	0.166667	0.166667	0.166667	0
0.00270445	0.00270438	0.00270444	0.991887	0	0	0	0	0	0	0
0.25	0.25	0.25	0.25	0	0	0	0	0	0	0
0	0	0	0	0	0	0	0	0	0	1
0	0	0	0	0	0	0	0	0	0	1
C	14	13
0.326667	0.326667	0.326667	0.01	0.01
0.00180935	0.976381	0.00180935	0.01	0.01
0.49	0	0.49	0.01	0.01
0.326667	0.326667	0.326667	0.01	0.01
0.163333	0.163333	0.163333	0.01	0.5
0	0	0	0	0.166667	0.166667	0.166667	0.166667	0.166667	0.166667	0
0.00273718	0.00273717	0.00273717	0.991788	0	0	0	0	0	0	0
0.25	0.25	0.25	0.25	0	0	0	0	0	0	0
0	0	0	0	0	0	0	0	0	0	1
0	0	0	0	0	0	0	0	0	0	1
E	15	14
0.99	0	0.01
0.99	0	0.01
0.99	0	0.01
0.99	0	0.01
0.5	0	0.5
